1069715280937525255
1069715249006292992
1069715241381044225
1069715236737957891
1069715229121089537
1069715212583010304
1069715208363499520
1069715132933128194
1069715108677468161
1069715073831186435
1069714968612929536
1069714952141836288
1069714916184080384
1069714905383616513
1069714880754798592
1069714864833265665
1069714820805517312
1069714818565898241
1069714806779727872
1069714794977091584
1069714740014972928
1069714723455860747
1069714713456578560
1069714706351427587
1069714647652188161
1069714638500216843
1069714610759057409
1069714596460515330
1069714556644151297
1069714518568263681
1069714507340091393
1069714496074203137
1069714436921978881
1069714434283724800
1069714430559219715
1069714345414680576
1069714341333655552
1069714338053681153
1069714312040771584
1069714309373157377
1069714292574830592
1069714235490476034
1069714173343531008
1069714146361569282
1069714136655949825
1069714097573371904
1069714092921888771
1069714011174899714
1069713967935905792
1069719151462227969
1069719130822115328
1069719118167846912
1069719113977815040
1069719098198843395
1069719091039137799
1069719087511715843
1069719036290891777
1069718973623738373
1069718935594000384
1069718923363393537
1069718842560122885
1069718778085298181
1069718778043228160
1069718776722141184
1069718754647572480
1069718748725174272
1069718701635555328
1069718697588060161
1069718696501936129
1069724649733402624
1069724611670007808
1069724525548503040
1069724487661174785
1069724433856761856
1069724427758288897
1069724407390593024
1069724402772779009
1069724347043074048
1069724306173804546
1069729438605238272
1069729438605238272
1069716737933877251
1069695911436148737
1069693304244187136
1069733766740901888
1069729438605238272
1069716737933877251
1069695911436148737
1069693304244187136
1069733766740901888
1069729438605238272
1069720178643136513
1069716737933877251
1069712844768329728
1069702756733202432
1069699432512405508
1069695911436148737
1069695556157501441
1069693304244187136
1069688350301454336
1069687908431409152
1069685777246744577
1069684697473540096
1069680019339829248
1069679713633718272
1069678721618055168
1070097965426061312
1070074821873188864
1070057732445822977
1070051606987661312
1070051292737720321
1070041711014043648
1070040682868428800
1070040284170350592
1070039904086843392
1070036442045403137
1070034372106035200
1070032819110510592
1070031846744961025
1070030789134422016
1070030226304843781
1070029287737053184
1070028641612967941
1070027799136735232
1070025629771288576
1070024666096525312
1070115047546904576
1070114625327251457
1070113273578733568
1070105042525384705
1070097965426061312
1070074821873188864
1070057732445822977
1070051606987661312
1070051292737720321
1070041711014043648
1070040682868428800
1070412757277626369
1070400218364084225
1070393474632089600
1070389473517559808
1070388844774785024
1070386964031930368
1070386880611540993
1070386258264768512
1070386056405471232
1070374500280217601
1070366895180783620
1070360225901936640
1070358123339235329
1070354356984315909
1070338503769317377
1070330446997647360
1070324522258173953
1070324180518875136
1070317602235473920
1070316592397901824
1070316408804966401
1070303675329974273
1070298326816321536
1070295843394080768
1070292808563593216
1070289658645364736
1070288832191496192
1070285596688449536
1070282753109843968
1070279673785925632
1070271166416187392
1070268222610395137
1070264670240403456
1070264115136999424
1070412757277626369
1070400218364084225
1070393474632089600
1070389473517559808
1070388844774785024
1070386964031930368
1070386880611540993
1071180728996716544
1071157111210549248
1071150293088387073
1071150097038274563
1071139179365654529
1071131350965604352
1071115483779342336
1071115391139700736
1071099924391985152
1071094872931794944
1071079128877727745
1071077079750463491
1071052552022634497
1071052331150598145
1071047225197977600
1071043103354609665
1071040714174332928
1071031500513009665
1070997626462470146
1070985459197632514
1070979464073424896
1070976903601897472
1070965655850115072
1070963447712702465
1070927882590015488
1070927528385282049
1070924966567313408
1070916989328211970
1070906742840512517
1070873590990483456
1070869438633779205
1070799301427777537
1070774481931579393
1070748567084654592
1070748267288412160
1070740872764055554
1070732164424130560
1070716823811866624
1070714988094869505
1070701377247211520
1070698181762211840
1070697883626815488
1070696263585124352
1071833741935415296
1071825993092915200
1071807934898823169
1071775638212788224
1071768112284995588
1071762829315842049
1071761693145997312
1071729931229511680
1071724484405723141
1071721632434139136
1071703986108096512
1071703940478066688
1071703684369702913
1071698986669625345
1071679399429398529
1071677238121091073
1071654658400116737
1071654541622431744
1071649658752000000
1071630660777979904
1071471324973985797
1071460056103833600
1071455894506885120
1071445337141903360
1071442140725698566
1071430053215518722
1071425365300658177
